767,5
767,4
767,3
767,2
767,1
767,0
766,4
766,3
766,2
766,1
766,0
765,4
765,3
765,2
765,1
765,0
764,6
764,5
764,4
764,3
764,2
764,1
764,0
763,5
763,4
763,3
763,2
763,1
763,0
762,4
762,3
762,2
762,1
762,0
761,5
761,4
761,3
761,2
761,1
761,0
760,4
760,3
760,2
760,1
760,0
759,4
759,3
759,2
759,1
759,0
758,5
758,4
758,3
758,2
758,1
758,0
757,4
757,3
757,2
757,1
757,0
755,4
756,3
756,2
756,1
756,0
755,3
755,2
755,1
755,0
754,3
754,2
754,1
754,0
753,3
753,2
753,1
753,0
752,3
752,2
752,1
752,0
751,3
751,2
751,1
751,0
750,3
750,2
750,1
750,0
749,3
749,2
749,1
749,0
748,3
748,2
748,1
748,0
747,3
747,2
747,1
747,0
746,3
746,2
746,1
746,0
745,3
745,2
745,1
745,0
744,5
744,4
744,3
744,2
744,1
744,0
743,4
743,3
743,2
743,1
743,0
742,4
742,3
742,2
742,1
742,0
741,6
741,5
741,4
741,3
741,2
741,1
741,0
740,5
740,4
740,3
740,2
740,1
740,0
739,4
739,3
739,2
739,1
739,0
738,5
738,4
738,3
738,2
738,1
738,0
737,4
737,3
737,2
737,1
737,0
736,4
736,3
736,2
736,1
736,0
735,5
735,4
735,3
735,2
735,1
735,0
734,4
734,3
734,2
734,1
734,0
732,4
733,3
733,2
733,1
733,0
732,3
732,2
732,1
732,0
731,3
731,2
731,1
731,0
730,3
730,2
730,1
730,0
729,3
729,2
729,1
729,0
728,3
728,2
728,1
728,0
727,3
727,2
727,1
727,0
726,3
726,2
726,1
726,0
725,3
725,2
725,1
725,0
724,3
724,2
724,1
724,0
723,3
723,2
723,1
723,0
722,3
722,2
722,1
722,0
721,5
721,4
721,3
721,2
721,1
721,0
720,4
720,3
720,2
720,1
720,0
719,4
719,3
719,2
719,1
719,0
718,6
718,5
718,4
718,3
718,2
718,1
718,0
717,5
717,4
717,3
717,2
717,1
717,0
716,4
716,3
716,2
716,1
716,0
715,5
715,4
715,3
715,2
715,1
715,0
714,4
714,3
714,2
714,1
714,0
713,4
713,3
713,2
713,1
713,0
712,5
712,4
712,3
712,2
712,1
712,0
711,4
711,3
711,2
711,1
711,0
709,4
710,3
710,2
710,1
710,0
709,3
709,2
709,1
709,0
708,3
708,2
708,1
708,0
707,3
707,2
707,1
707,0
706,3
706,2
706,1
706,0
705,3
705,2
705,1
705,0
704,3
704,2
704,1
704,0
703,3
703,2
703,1
703,0
702,3
702,2
702,1
702,0
701,3
701,2
701,1
701,0
700,3
700,2
700,1
700,0
699,3
699,2
699,1
699,0
698,5
698,4
698,3
698,2
698,1
698,0
697,4
697,3
697,2
697,1
697,0
696,4
696,3
696,2
696,1
696,0
695,6
695,5
695,4
695,3
695,2
695,1
695,0
694,5
694,4
694,3
694,2
694,1
694,0
693,4
693,3
693,2
693,1
693,0
692,5
692,4
692,3
692,2
692,1
692,0
691,4
691,3
691,2
691,1
691,0
690,4
690,3
690,2
690,1
690,0
689,5
689,4
689,3
689,2
689,1
689,0
688,4
688,3
688,2
688,1
688,0
686,4
687,3
687,2
687,1
687,0
686,3
686,2
686,1
686,0
685,3
685,2
685,1
685,0
684,3
684,2
684,1
684,0
683,3
683,2
683,1
683,0
682,3
682,2
682,1
682,0
681,3
681,2
681,1
681,0
680,3
680,2
680,1
680,0
679,3
679,2
679,1
679,0
678,3
678,2
678,1
678,0
677,3
677,2
677,1
677,0
676,3
676,2
676,1
676,0
675,5
675,4
675,3
675,2
675,1
675,0
674,4
674,3
674,2
674,1
674,0
673,4
673,3
673,2
673,1
673,0
672,6
672,5
672,4
672,3
672,2
672,1
672,0
671,5
671,4
671,3
671,2
671,1
671,0
670,4
670,3
670,2
670,1
670,0
669,5
669,4
669,3
669,2
669,1
669,0
668,4
668,3
668,2
668,1
668,0
667,4
667,3
667,2
667,1
667,0
666,5
666,4
666,3
666,2
666,1
666,0
665,4
665,3
665,2
665,1
665,0
663,4
664,3
664,2
664,1
664,0
663,3
663,2
663,1
663,0
662,3
662,2
662,1
662,0
661,3
661,2
661,1
661,0
660,3
660,2
660,1
660,0
659,3
659,2
659,1
659,0
658,3
658,2
658,1
658,0
657,3
657,2
657,1
657,0
656,3
656,2
656,1
656,0
655,3
655,2
655,1
655,0
654,3
654,2
654,1
654,0
653,3
653,2
653,1
653,0
652,5
652,4
652,3
652,2
652,1
652,0
651,4
651,3
651,2
651,1
651,0
650,4
650,3
650,2
650,1
650,0
649,6
649,5
649,4
649,3
649,2
649,1
649,0
648,5
648,4
648,3
648,2
648,1
648,0
647,4
647,3
647,2
647,1
647,0
646,5
646,4
646,3
646,2
646,1
646,0
645,4
645,3
645,2
645,1
645,0
644,4
644,3
644,2
644,1
644,0
643,5
643,4
643,3
643,2
643,1
643,0
642,4
642,3
642,2
642,1
642,0
640,4
641,3
641,2
641,1
641,0
640,3
640,2
640,1
640,0
639,3
639,2
639,1
639,0
638,3
638,2
638,1
638,0
637,3
637,2
637,1
637,0
636,3
636,2
636,1
636,0
635,3
635,2
635,1
635,0
634,3
634,2
634,1
634,0
633,3
633,2
633,1
633,0
632,3
632,2
632,1
632,0
631,3
631,2
631,1
631,0
630,3
630,2
630,1
630,0
2,18
629,5
629,4
629,3
629,2
629,1
629,0
2,17
628,4
628,3
628,2
628,1
628,0
627,4
627,3
627,2
627,1
627,0
626,6
626,5
626,4
626,3
626,2
626,1
626,0
625,5
625,4
625,3
625,2
625,1
625,0
624,4
624,3
624,2
624,1
624,0
623,5
623,4
623,3
623,2
623,1
623,0
622,4
622,3
622,2
622,1
622,0
621,4
621,3
621,2
621,1
621,0
620,5
620,4
620,3
620,2
620,1
620,0
619,4
619,3
619,2
619,1
619,0
617,4
618,3
618,2
618,1
618,0
617,3
617,2
617,1
617,0
616,3
616,2
616,1
616,0
615,3
615,2
615,1
615,0
614,3
614,2
614,1
614,0
613,3
613,2
613,1
613,0
612,3
612,2
612,1
612,0
611,3
611,2
611,1
611,0
610,3
610,2
610,1
610,0
609,3
609,2
609,1
609,0
608,3
608,2
608,1
608,0
607,3
607,2
607,1
607,0
2,16
606,5
606,4
606,3
606,2
606,1
606,0
605,4
605,3
605,2
605,1
605,0
604,4
604,3
604,2
604,1
604,0
603,6
603,5
603,4
603,3
603,2
603,1
603,0
602,5
602,4
602,3
602,2
602,1
602,0
601,4
601,3
601,2
601,1
601,0
600,5
600,4
600,3
600,2
600,1
600,0
599,4
599,3
599,2
599,1
599,0
598,4
598,3
598,2
598,1
598,0
597,5
597,4
597,3
597,2
597,1
597,0
596,4
596,3
596,2
596,1
596,0
594,4
595,3
595,2
595,1
595,0
594,3
594,2
594,1
594,0
593,3
593,2
593,1
593,0
592,3
592,2
592,1
592,0
591,3
591,2
591,1
591,0
590,3
590,2
590,1
590,0
589,3
589,2
589,1
589,0
588,3
588,2
588,1
588,0
587,3
587,2
587,1
587,0
586,3
586,2
586,1
586,0
585,3
585,2
585,1
585,0
584,3
584,2
584,1
584,0
223,8
223,7
223,6
223,5
223,4
223,3
223,2
223,1
223,0
222,4
222,3
222,2
222,1
222,0
221,3
221,2
221,1
221,0
212,3
212,2
212,1
212,0
208,4
208,3
208,2
208,1
208,0
207,5
207,4
207,3
207,2
207,1
207,0
206,5
206,4
206,3
206,2
206,1
206,0
203,5
203,4
203,3
203,2
203,1
203,0
201,5
201,4
201,3
201,2
201,1
201,0
199,5
199,4
199,3
199,2
199,1
199,0
197,4
197,3
197,2
197,1
197,0
192,4
192,3
192,2
192,1
192,0
189,3
189,2
189,1
189,0
4,3
4,1
4,0
2,15
2,13
2,12
2,11
2,10
2,9
2,8
2,7
2,6
2,5
2,4
2,2
0,444
0,438
0,432
0,431
0,408
0,407
0,406
0,397
0,389
0,380
0,379
0,377
0,322
0,314
0,312
0,309
0,243
1,1
1,3
2,1
1,0
2,14
2,3
2,0
0,9
0,310
0,305
0,308
0,304
0,303
0,302
0,307
0,12
0,10
0,8
0,0
0,319
0,300
0,356
0,299
0,323
0,298
0,418
0,297
0,355
0,296
0,413
0,295
0,329
0,294
0,354
0,293
0,429
0,292
0,382
0,291
0,381
0,290
0,340
0,289
0,311
0,288
0,362
0,287
0,419
0,286
0,401
0,285
0,321
0,284
0,348
0,283
0,306
0,282
0,441
0,281
0,345
0,280
0,447
0,279
0,439
0,278
0,385
0,277
0,414
0,276
0,384
223,9
223,10
224,0
224,1
224,3
224,4
225,1
225,3
225,4
225,6
226,0
226,2
229,0
229,1
229,3
232,0
232,2
232,3
232,5
233,0
233,1
233,3
233,4
234,0
234,2
234,3
234,5
236,0
236,2
236,3
236,5
238,1
238,2
238,4
238,5
238,7
238,9
238,8
238,6
238,3
238,0
236,4
236,1
234,4
234,1
233,5
233,2
232,6
232,4
232,1
229,2
226,3
226,1
225,5
225,2
225,0
224,2
223,11
0,275
0,320
0,274
0,394
0,273
0,272
0,383
0,271
0,446
0,270
0,361
0,269
0,378
0,268
0,267
0,412
0,266
0,435
0,265
0,338
0,264
0,374
0,263
0,327
0,262
0,388
0,261
0,365
0,260
0,423
0,259
0,258
0,326
0,257
0,445
0,256
0,415
0,255
0,430
0,254
0,411
0,253
0,400
0,252
0,350
0,251
0,427
0,250
0,359
0,249
0,343
0,248
0,352
0,247
0,358
0,246
0,357
0,245
0,334
0,244
0,331
0,242
0,437
0,241
0,341
0,240
0,339
0,239
0,342
0,238
0,353
0,237
0,425
0,236
0,351
0,235
0,349
0,234
0,364
0,233
0,403
0,232
0,422
0,231
0,420
0,230
0,333
0,229
0,404
0,228
0,301
0,227
0,434
0,226
0,330
0,225
0,224
0,396
0,223
0,376
0,222
0,360
0,221
0,443
0,220
0,335
0,219
0,344
0,218
0,387
0,217
0,369
0,216
0,417
0,215
0,402
0,214
0,337
0,213
0,325
0,212
0,398
0,211
0,405
0,210
0,324
0,209
0,399
0,208
0,318
0,207
0,332
0,206
0,367
0,205
0,336
0,204
0,371
0,203
0,386
0,202
0,328
0,201
0,393
0,200
0,433
0,199
0,317
0,198
0,390
0,197
0,428
0,196
0,372
0,195
0,316
0,194
0,395
0,193
0,426
0,192
0,368
0,63
0,373
0,62
0,410
0,61
0,442
0,60
0,346
0,59
0,347
0,58
0,315
0,57
0,392
0,56
0,409
0,55
0,313
0,54
0,424
0,53
0,366
0,52
0,421
0,51
0,436
0,50
0,363
0,49
0,416
0,48
0,375
0,47
0,370
0,46
0,391
0,45
0,440
0,6
0,5
0,1
0,11
0,4
0,2
0,3
0,7
